function y = set_auxiliary_variables(y, x, params)
%
% Status : Computes static model for Dynare
%
% Warning : this file is generated automatically by Dynare
%           from model file (.mod)

y(607)=y(223);
y(608)=y(223);
y(609)=y(223);
y(610)=y(326);
y(611)=y(326);
y(612)=y(326);
y(613)=y(268);
y(614)=y(268);
y(615)=y(268);
y(616)=y(261);
y(617)=y(261);
y(618)=y(261);
y(619)=y(261);
y(620)=y(261);
y(621)=y(261);
y(622)=y(222);
y(623)=y(222);
y(624)=y(223);
y(625)=y(223);
y(626)=y(223);
y(627)=y(206);
y(628)=y(170);
y(629)=y(290);
y(630)=y(268);
y(631)=y(268);
y(632)=y(268);
y(633)=y(268);
y(634)=y(326);
y(635)=y(326);
y(636)=y(596);
y(637)=y(597);
y(638)=y(297);
y(639)=y(216);
y(640)=y(285);
y(641)=y(299);
y(642)=y(218);
y(643)=y(301);
y(644)=y(182);
y(645)=y(325);
y(646)=y(302);
y(647)=y(330);
y(648)=y(227);
y(649)=y(594);
y(650)=y(274);
y(651)=y(230);
y(652)=y(180);
y(653)=y(38);
y(654)=y(38);
y(655)=y(264);
y(656)=y(264);
y(657)=y(278);
y(658)=y(278);
y(659)=y(181);
y(660)=y(94);
y(661)=y(94);
y(662)=y(329);
y(663)=y(329);
y(664)=y(329);
y(665)=y(326);
y(666)=y(549);
y(667)=y(549);
y(668)=y(549);
y(669)=y(549);
y(670)=y(549);
y(671)=y(549);
y(672)=y(464);
y(673)=y(464);
y(674)=y(518);
y(675)=y(518);
y(676)=y(518);
y(677)=y(520);
y(678)=y(520);
y(679)=y(520);
y(680)=y(442);
y(681)=y(421);
y(682)=y(501);
y(683)=y(500);
y(684)=y(501);
y(685)=y(500);
y(686)=y(521);
y(687)=y(516);
y(688)=y(521);
y(689)=y(516);
y(690)=y(531);
y(691)=y(504);
y(692)=y(548);
y(693)=y(524);
y(694)=y(503);
y(695)=y(532);
y(696)=y(499);
y(697)=y(519);
y(698)=y(605);
y(699)=y(514);
y(700)=y(604);
y(701)=y(587);
y(702)=y(416);
y(703)=y(471);
y(704)=y(471);
y(705)=y(445);
y(706)=y(600);
y(707)=y(538);
y(708)=0;
y(709)=0;
y(710)=0;
y(711)=0;
y(712)=0;
y(713)=0;
y(714)=0;
y(715)=0;
y(716)=0;
y(717)=0;
y(718)=0;
y(719)=0;
y(720)=0;
y(721)=0;
y(722)=0;
y(723)=0;
y(724)=0;
y(725)=0;
y(726)=0;
y(727)=0;
y(728)=0;
y(729)=0;
y(730)=0;
y(731)=0;
y(732)=0;
y(733)=0;
y(734)=0;
y(735)=0;
y(736)=0;
y(737)=0;
y(738)=0;
y(739)=0;
y(740)=0;
y(741)=0;
y(742)=0;
y(743)=0;
y(744)=0;
y(745)=0;
y(746)=0;
y(747)=0;
y(748)=0;
y(749)=0;
y(750)=0;
y(751)=0;
y(752)=0;
y(753)=0;
y(754)=0;
y(755)=0;
y(756)=0;
y(757)=0;
y(758)=0;
y(759)=0;
y(760)=0;
y(761)=0;
y(762)=0;
y(763)=0;
y(764)=0;
y(765)=0;
y(766)=0;
y(767)=0;
