%Chetty et al data (low and high income)
spending_by_income_daily=[0.00834	0.010453333
0.0151	0.0183
0.00648	0.004473333
-0.00796	-0.009626667
-0.0149	-0.012066667
-0.0115	-0.006766667
0.00158	0.007996667
0.00565	0.012183333
-0.0022	0.0002
-0.0158	-0.013566667
-0.00982	-0.00818
-0.0000357	0.00147
0.00259	-0.000319333
-0.00454	-0.011466667
-0.00377	-0.013533333
0.00757	-0.001072
0.0181	0.009793333
0.00729	0.003383333
-0.00285	-0.00568
0.00823	0.00328
0.0116	0.00668
0.00335	0.00097
-0.00299	-0.004703333
0.000869	-0.002562
0.0142	0.00357
0.00803	-0.002113333
0.00464	-0.004506667
0.00674	-0.004446667
0.0131	-0.002966667
0.0129	-0.008846667
0.0136	-0.009993333
0.00877	-0.01616
0.00164	-0.020406667
-0.00467	-0.018433333
-0.0104	-0.023266667
-0.0256	-0.035766667
-0.0129	-0.017666667
-0.031	-0.031866667
-0.0137	-0.019966667
-0.0113	-0.013266667
-0.0142	-0.021333333
-0.00947	-0.024733333
-0.0117	-0.0215
-0.00481	-0.008183333
0.00821	0.010986667
-0.012	0.000766667
-0.0174	-0.006273333
-0.0157	-0.008466667
-0.00493	0.001658667
0.00731	0.014466667
-0.00628	0.004276667
-0.027	-0.0139
-0.0216	-0.007186667
-0.0334	-0.014033333
-0.0618	-0.032266667
-0.0994	-0.058733333
-0.141	-0.0928
-0.174	-0.122
-0.197	-0.138
-0.242	-0.177
-0.264	-0.202
-0.279	-0.221666667
-0.299	-0.242
-0.325	-0.267666667
-0.346	-0.287333333
-0.361	-0.303666667
-0.354	-0.302666667
-0.341	-0.286333333
-0.339	-0.274666667
-0.34	-0.271666667
-0.339	-0.270666667
-0.335	-0.268
-0.331	-0.261666667
-0.33	-0.256
-0.339	-0.266
-0.343	-0.275666667
-0.341	-0.276666667
-0.337	-0.274666667
-0.333	-0.271
-0.354	-0.293
-0.367	-0.299666667
-0.332	-0.248
-0.326	-0.221666667
-0.329	-0.208
-0.332	-0.203
-0.333	-0.199666667
-0.312	-0.171
-0.294	-0.156133333
-0.292	-0.164
-0.288	-0.174666667
-0.308	-0.204666667
-0.302	-0.198333333
-0.294	-0.191
-0.288	-0.187
-0.286	-0.182333333
-0.304	-0.198
-0.297	-0.191
-0.267	-0.159333333
-0.262	-0.150666667
-0.258	-0.147666667
-0.25	-0.142666667
-0.239	-0.131966667
-0.237	-0.130466667
-0.237	-0.129766667
-0.229	-0.124233333
-0.223	-0.122
-0.213	-0.109933333
-0.219	-0.1157
-0.238	-0.134666667
-0.238	-0.138666667
-0.228	-0.129866667
-0.227	-0.1274
-0.224	-0.127966667
-0.226	-0.132166667
-0.217	-0.1223
-0.196	-0.102866667
-0.194	-0.099466667
-0.195	-0.1018
-0.188	-0.096533333
-0.183	-0.0891
-0.184	-0.087833333
-0.187	-0.092133333
-0.195	-0.096333333
-0.195	-0.101833333
-0.178	-0.084966667
-0.183	-0.087766667
-0.205	-0.1066
-0.205	-0.108166667
-0.207	-0.113333333
-0.187	-0.095433333
-0.177	-0.082066667
-0.201	-0.1062
-0.197	-0.105
-0.174	-0.081666667
-0.164	-0.073066667
-0.152	-0.0582
-0.157	-0.061666667
-0.164	-0.070266667
-0.156	-0.064433333
-0.151	-0.062066667
-0.152	-0.0665
-0.153	-0.070333333
-0.159	-0.077266667
-0.159	-0.080333333
-0.145	-0.069066667
-0.139	-0.0599
-0.135	-0.054
-0.127	-0.046333333
-0.122	-0.0378
-0.118	-0.033296667
-0.123	-0.037164
-0.136	-0.0499
-0.147	-0.063966667
-0.161	-0.0806
-0.171	-0.092633333
-0.175	-0.102866667
-0.18	-0.110866667
-0.177	-0.105466667
-0.163	-0.092566667
-0.156	-0.084866667
-0.144	-0.0713
-0.156	-0.0858
-0.132	-0.058033333
-0.123	-0.0486
-0.12	-0.0485
-0.119	-0.046453333
-0.127	-0.057266667
-0.131	-0.066866667
-0.13	-0.066566667
-0.132	-0.068733333
-0.126	-0.062333333
-0.132	-0.0723
-0.139	-0.081266667
-0.125	-0.0699
-0.123	-0.066066667
-0.126	-0.066866667
-0.131	-0.067966667
-0.133	-0.067066667
-0.132	-0.0679
-0.137	-0.072066667
-0.146	-0.072633333
-0.144	-0.067433333
-0.136	-0.059766667
-0.134	-0.0596
-0.133	-0.062266667
-0.135	-0.0654
-0.139	-0.066766667
-0.137	-0.0694
-0.14	-0.074633333
-0.139	-0.075066667
-0.145	-0.0773
-0.149	-0.0838
-0.14	-0.074533333
-0.139	-0.0692
-0.14	-0.0702
-0.132	-0.064766667
-0.132	-0.062233333
-0.123	-0.0517
-0.113	-0.037546667
-0.119	-0.042498
-0.115	-0.045783333
-0.111	-0.041783333
-0.115	-0.042702333
-0.116	-0.043586667
-0.118	-0.0474
-0.119	-0.050433333
-0.118	-0.048633333
-0.12	-0.048233333
-0.117	-0.0453
-0.116	-0.041116667
-0.112	-0.039183333
-0.105	-0.033093333
-0.104	-0.031183333
-0.11	-0.03526
-0.11	-0.033863333
-0.104	-0.028253333
-0.0987	-0.023313333
-0.102	-0.02585
-0.106	-0.032283333
-0.111	-0.0427
-0.101	-0.0394
-0.0819	-0.024286667
-0.0733	-0.017
-0.0715	-0.012
-0.0869	-0.022333333
-0.0811	-0.013566667
-0.0656	-0.0052
-0.0992	-0.0313
-0.133	-0.0625
-0.107	-0.023066667
-0.111	-0.029226667
-0.111	-0.030148333
-0.117	-0.038573333
-0.129	-0.052866667
-0.135	-0.060833333
-0.122	-0.051133333
-0.134	-0.066633333
-0.124	-0.061866667
-0.106	-0.048866667
-0.0934	-0.036556667
-0.0844	-0.02832];

%Chetty et all employment data (low and high income)
